0,0,0.508140094,0.27163928,0
0.002424082,0.003555067,0.509526604,0.272605178,0
0.004848165,0.007110134,0.510913114,0.273571076,0
0.007272247,0.010665201,0.512299623,0.274536975,0
0.009696329,0.014220268,0.513686133,0.275502873,0
0.012120412,0.017775335,0.515072642,0.276468771,0
0.014544494,0.021330402,0.516459152,0.27743467,0
0.016968577,0.024885468,0.517845661,0.278400568,0
0.019392659,0.028440535,0.519232171,0.279366466,0
0.021816741,0.031995602,0.520618681,0.280332365,0
0.024240824,0.035550669,0.52200519,0.281298263,0
0.026664906,0.039105736,0.5233917,0.282264161,0
0.029088988,0.042660803,0.524778209,0.28323006,0
0.031513071,0.04621587,0.526164719,0.284195958,0
0.033937153,0.049770937,0.527551229,0.285161857,0
0.036361236,0.053326004,0.528937738,0.286127755,0
0.038785318,0.056881071,0.530324248,0.287093653,0
0.0412094,0.060436138,0.531710757,0.288059552,0
0.043633483,0.063991205,0.533097267,0.28902545,0
0.046057565,0.067546272,0.534483776,0.289991348,0
0.048481647,0.071101339,0.535870286,0.290957247,0
0.05090573,0.074656405,0.537256796,0.291923145,0
0.053329812,0.078211472,0.538643305,0.292889043,0
0.055753895,0.081766539,0.540029815,0.293854942,0
0.058177977,0.085321606,0.541416324,0.29482084,0
0.060602059,0.088876673,0.542802834,0.295786738,0
0.063026142,0.09243174,0.544189343,0.296752637,0
0.065450224,0.095986807,0.545575853,0.297718535,0
0.067874306,0.099541874,0.546962363,0.298684433,0
0.070298389,0.103096941,0.548348872,0.299650332,0
0.072722471,0.106652008,0.549735382,0.30061623,0
0.075146553,0.110207075,0.551121891,0.301582129,0
0.077570636,0.113762142,0.552508401,0.302548027,0
0.079994718,0.117317209,0.55389491,0.303513925,0
0.082418801,0.120872276,0.55528142,0.304479824,0
0.084842883,0.124427342,0.55666793,0.305445722,0
0.087266965,0.127982409,0.558054439,0.30641162,0
0.089691048,0.131537476,0.559440949,0.307377519,0
0.09211513,0.135092543,0.560827458,0.308343417,0
0.094539212,0.13864761,0.562213968,0.309309315,0
0.096963295,0.142202677,0.563600477,0.310275214,0
0.099387377,0.145757744,0.564986987,0.311241112,0
0.10181146,0.149312811,0.566373497,0.31220701,0
0.104235542,0.152867878,0.567760006,0.313172909,0
0.106659624,0.156422945,0.569146516,0.314138807,0
0.109083707,0.159978012,0.570533025,0.315104706,0
0.111507789,0.163533079,0.571919535,0.316070604,0
0.113931871,0.167088146,0.573306044,0.317036502,0
0.116355954,0.170643212,0.574692554,0.318002401,0
0.118780036,0.174198279,0.576079064,0.318968299,0
0.121204118,0.177753346,0.577465573,0.319934197,0
0.123628201,0.181308413,0.578852083,0.320900096,0
0.126052283,0.18486348,0.580238592,0.321865994,0
0.128476366,0.188418547,0.581625102,0.322831892,0
0.130900448,0.191973614,0.583011612,0.323797791,0
0.13332453,0.195528681,0.584398121,0.324763689,0
0.135748613,0.199083748,0.585784631,0.325729587,0
0.138172695,0.202638815,0.58717114,0.326695486,0
0.140596777,0.206193882,0.58855765,0.327661384,0
0.14302086,0.209748949,0.589944159,0.328627282,0
0.145444942,0.213304016,0.591330669,0.329593181,0
0.147869025,0.216859083,0.592717179,0.330559079,0
0.150293107,0.220414149,0.594103688,0.331524978,0
0.152717189,0.223969216,0.595490198,0.332490876,0
0.155141272,0.227524283,0.596876707,0.333456774,0
0.157565354,0.23107935,0.598263217,0.334422673,0
0.159989436,0.234634417,0.599649726,0.335388571,0
0.162413519,0.238189484,0.601036236,0.336354469,0
0.164837601,0.241744551,0.602422746,0.337320368,0
0.167261684,0.245299618,0.603809255,0.338286266,0
0.169685766,0.248854685,0.605195765,0.339252164,0
0.172109848,0.252409752,0.606582274,0.340218063,0
0.174533931,0.255964819,0.607968784,0.341183961,0
0.176958013,0.259519886,0.609355293,0.342149859,0
0.179382095,0.263074953,0.610741803,0.343115758,0
0.181806178,0.26663002,0.612128313,0.344081656,0
0.18423026,0.270185086,0.613514822,0.345047555,0
0.186654342,0.273740153,0.614901332,0.346013453,0
0.189078425,0.27729522,0.616287841,0.346979351,0
0.191502507,0.280850287,0.617674351,0.34794525,0
0.19392659,0.284405354,0.61906086,0.348911148,0
0.196350672,0.287960421,0.62044737,0.349877046,0
0.198774754,0.291515488,0.62183388,0.350842945,0
0.201198837,0.295070555,0.623220389,0.351808843,0
0.203622919,0.298625622,0.624606899,0.352774741,0
0.206047001,0.302180689,0.625993408,0.35374064,0
0.208471084,0.305735756,0.627379918,0.354706538,0
0.210895166,0.309290823,0.628766428,0.355672436,0
0.213319249,0.31284589,0.630152937,0.356638335,0
0.215743331,0.316400956,0.631539447,0.357604233,0
0.218167413,0.319956023,0.632925956,0.358570131,0
0.220591496,0.32351109,0.634312466,0.35953603,0
0.223015578,0.327066157,0.635698975,0.360501928,0
0.22543966,0.330621224,0.637085485,0.361467827,0
0.227863743,0.334176291,0.638471995,0.362433725,0
0.230287825,0.337731358,0.639858504,0.363399623,0
0.232711908,0.341286425,0.641245014,0.364365522,0
0.23513599,0.344841492,0.642631523,0.36533142,0
0.237560072,0.348396559,0.644018033,0.366297318,0
0.239984155,0.351951626,0.645404542,0.367263217,0
0.242743186,0.35859723,0.647614061,0.368686775,0
0.243976964,0.364234904,0.64955705,0.369281067,0
0.246633114,0.370260007,0.650800004,0.374168766,0
0.249237504,0.3753974,0.651926835,0.377626405,0
0.251765809,0.381183862,0.653502113,0.382047379,0
0.254192137,0.386516468,0.654016112,0.384577202,0
0.25726734,0.39091968,0.654957773,0.387308816,0
0.260345774,0.39586159,0.656096028,0.389611881,0
0.262519205,0.400691198,0.656881882,0.391143351,0
0.265672097,0.395024865,0.657718107,0.392543036,0
0.268527978,0.3897269,0.658697615,0.393555849,0
0.268679115,0.394870344,0.65925163,0.393667626,0
0.271467184,0.400498322,0.660742694,0.394896426,0
0.273797679,0.405088765,0.661823619,0.394172235,0
0.277308901,0.409971758,0.663453172,0.393604194,0
0.278519272,0.415169035,0.665087619,0.392928983,0
0.280727662,0.409835598,0.666702511,0.392553995,0
0.281883047,0.414293573,0.667315612,0.392625224,0
0.283197354,0.419467736,0.668263601,0.39159846,0
0.285611065,0.414266759,0.669418811,0.390585353,0
0.288121116,0.410049829,0.670593793,0.389323661,0
0.292775788,0.407722524,0.671952896,0.387999801,0
0.294075249,0.407109412,0.673597271,0.386827995,0
0.299063354,0.413522811,0.674711367,0.385477953,0
0.301379555,0.411991108,0.676259476,0.383889216,0
0.302662441,0.412738233,0.67773447,0.382410316,0
0.304133812,0.415816571,0.679251569,0.381614929,0
0.305902562,0.41914734,0.681463216,0.379957751,0
0.307660619,0.422379771,0.683115991,0.37888026,0
0.309634264,0.424786857,0.684462338,0.376258837,0
0.311764639,0.427914862,0.68637876,0.374356461,0
0.315210267,0.43095749,0.687797372,0.373119798,0
0.31906301,0.433697424,0.689891894,0.371187164,0
0.321613932,0.441754375,0.692501581,0.368728276,0
0.325266849,0.447384554,0.694169987,0.367680883,0
0.327807821,0.449992999,0.69646866,0.365570198,0
0.331556526,0.45412112,0.699223924,0.363498391,0
0.332889976,0.457653441,0.701065813,0.36236919,0
0.335774517,0.463070179,0.703927716,0.360132944,0
0.337187889,0.466710933,0.705814262,0.358537387,0
0.34030797,0.471763191,0.707779773,0.356171585,0
0.343287898,0.475504746,0.710661202,0.352991379,0
0.345190622,0.479834954,0.713539236,0.350679391,0
0.348314738,0.487163826,0.715832465,0.34849434,0
0.35030798,0.494493337,0.718082344,0.34613534,0
0.353589455,0.498624373,0.720827933,0.343804773,0
0.358066221,0.503994923,0.722662814,0.341297487,0
0.361318822,0.510703076,0.724837648,0.339228153,0
0.364633709,0.518059937,0.727173566,0.336255469,0
0.368467452,0.522233054,0.729862192,0.334309956,0
0.37242383,0.527945667,0.732458639,0.333054775,0
0.375639917,0.533649851,0.734986616,0.330336821,0
0.378875708,0.5379167,0.737472152,0.328194004,0
0.382011027,0.542458377,0.739308092,0.325597922,0
0.386216841,0.5479017,0.740717674,0.323053458,0
0.389119632,0.553472817,0.743109111,0.321229363,0
0.391872371,0.560543101,0.744826585,0.320043661,0
0.39567508,0.565670482,0.746990202,0.317657377,0
0.398375876,0.569801499,0.748340992,0.316072912,0
0.401805315,0.575528403,0.750370966,0.314826009,0
0.403968745,0.580658431,0.751811488,0.313779629,0
0.406016228,0.585931115,0.753297725,0.312340965,0
0.408149737,0.591039383,0.754819227,0.312165994,0
0.409980809,0.596379444,0.756135287,0.311071279,0
0.412006908,0.599653931,0.757905689,0.310035681,0
0.415203012,0.604355221,0.759669893,0.309865768,0
0.416940503,0.608731889,0.761393988,0.310181485,0
0.418533292,0.612299815,0.761600579,0.310761322,0
0.420030871,0.618852277,0.762836086,0.311802472,0
0.422466505,0.625020164,0.764555773,0.314698114,0
0.422542649,0.629506091,0.765709523,0.317756438,0
0.423294633,0.635571775,0.767256654,0.319418785,0
0.424399008,0.641719369,0.768541314,0.321220979,0
0.42480109,0.645092837,0.769907405,0.324159497,0
0.425566629,0.648638549,0.771354548,0.327342567,0
0.426153955,0.653266174,0.773181597,0.330000684,0
0.426711381,0.658039804,0.774755792,0.332865251,0
0.427360458,0.662769519,0.776282998,0.335758472,0
0.428939748,0.667606706,0.778223955,0.340088188,0
0.429171961,0.672423312,0.780099068,0.344586546,0
0.429449163,0.676645132,0.781963878,0.349009024,0
0.430793297,0.682801719,0.783736078,0.352852691,0
0.430693946,0.689601758,0.785833639,0.357067179,0
0.430547182,0.694578414,0.786116205,0.362850638,0
0.430386686,0.702318347,0.788081266,0.368142503,0
0.429369671,0.70826804,0.788909588,0.374416932,0
0.428081033,0.715890555,0.791253754,0.380799561,0
0.428726255,0.720908713,0.793037517,0.388487993,0
0.428692556,0.727125697,0.795758426,0.395803018,0
0.427678195,0.733965776,0.798313143,0.404885117,0
0.427161941,0.741640227,0.801131924,0.412457633,0
0.426442322,0.747772147,0.804210851,0.421524027,0
0.425392937,0.754205131,0.807285383,0.428839835,0
0.425147729,0.759646897,0.810126732,0.437085133,0
0.426559242,0.76723845,0.812783592,0.446012661,0
0.426304282,0.774821303,0.815542628,0.454094536,0
0.42648723,0.782451744,0.818684583,0.463011662,0
0.425513488,0.790002889,0.821631266,0.471321021,0
0.42556215,0.796279439,0.824873448,0.480273352,0
0.425799453,0.799066021,0.827475377,0.488207065,0
0.427636494,0.801871743,0.829702606,0.497813324,0
0.42888928,0.803704585,0.832524649,0.50252811,0
0.429555348,0.807373954,0.835866464,0.508823284,0
0.429824499,0.807135673,0.838762542,0.513118934,0
0.429878668,0.809241536,0.842477585,0.519616468,0
0.430760045,0.810368839,0.846697036,0.524649536,0
0.43141161,0.808686467,0.850009306,0.530310611,0
0.433003045,0.808709012,0.85366666,0.535960247,0
0.433815957,0.818270774,0.857337507,0.540684899,0
0.434778018,0.827395843,0.86094964,0.545990027,0
0.438804452,0.826200011,0.865332286,0.551180208,0
0.440635676,0.826365227,0.869228866,0.555010806,0
0.442305963,0.826787316,0.873390846,0.560467214,0
0.442262969,0.823612486,0.876676075,0.564559119,0
0.445392674,0.819547159,0.879823085,0.569048949,0
0.447756434,0.826954656,0.882745122,0.572629995,0
0.451561814,0.826543523,0.886280924,0.574626173,0
0.456753369,0.823550188,0.889929856,0.578276321,0
0.460123553,0.830169654,0.892917777,0.580952996,0
0.463623121,0.836488999,0.895876452,0.583864481,0
0.46431275,0.844212433,0.898853125,0.586861351,0
0.469262996,0.848790996,0.901201383,0.588545016,0
0.471330371,0.848481945,0.903966021,0.590409804,0
0.476306225,0.856460044,0.906171039,0.592967429,0
0.48324021,0.861541324,0.908183957,0.593547829,0
0.489100399,0.865385185,0.909654748,0.593564051,0
0.494431054,0.868453341,0.91037755,0.593713204,0
0.500071124,0.871068708,0.911852894,0.593209956,0
0.506617477,0.874692393,0.913103904,0.594053201,0
0.513941379,0.877549188,0.913282309,0.592956787,0
0.519371519,0.882371881,0.913934849,0.590929712,0
0.523697755,0.886519503,0.913936899,0.590326109,0
0.530457508,0.885666276,0.912901378,0.589659512,0
0.534666435,0.887129943,0.912838171,0.58701179,0
0.540604598,0.890349688,0.911614079,0.587165845,0
0.547235214,0.891568802,0.909833794,0.585759226,0
0.555730274,0.895740809,0.908643267,0.583491123,0
0.56127883,0.896714683,0.905978886,0.581887241,0
0.570000515,0.899458144,0.903700245,0.579690096,0
0.57544491,0.901501956,0.900561621,0.578353861,0
0.581384723,0.904552377,0.896492938,0.577944373,0
0.588020236,0.907097385,0.892124979,0.57675032,0
0.595039169,0.906666861,0.887476581,0.57484092,0
0.60155201,0.904977281,0.882544963,0.573664394,0
0.607617633,0.90732987,0.876536373,0.571974705,0
0.612160669,0.908160422,0.870996592,0.570212663,0
0.618324742,0.908968433,0.864805641,0.568471841,0
0.622481429,0.908682405,0.858228302,0.567756113,0
0.626941169,0.909789864,0.851103843,0.565148596,0
0.630772214,0.90933361,0.843584645,0.561455738,0
0.6367088,0.908708816,0.835556987,0.560228687,0
0.640873095,0.908541558,0.827158139,0.558059839,0
0.645145824,0.9089169,0.818990448,0.556335245,0
0.64808587,0.908748961,0.810815558,0.554935954,0
0.651842374,0.908194809,0.801054378,0.552944567,0
0.65428319,0.905502061,0.791397765,0.550371253,0
0.656315229,0.90562769,0.781142425,0.549166654,0
0.659058659,0.905370634,0.771828881,0.547725971,0
0.660566468,0.904531987,0.760948448,0.546012862,0
0.664165377,0.902835,0.750614744,0.544905117,0
0.666082079,0.900753659,0.739962827,0.543504922,0
0.667990416,0.898677383,0.729098097,0.541146274,0
0.669571028,0.895482874,0.71819423,0.540101708,0
0.669774963,0.894409778,0.706724825,0.539436843,0
0.669493026,0.892751862,0.69496481,0.538754551,0
0.668935797,0.891465055,0.6831396,0.53814555,0
0.668369279,0.891054061,0.673161092,0.537714045,0
0.668533577,0.887915168,0.662067464,0.537470039,0
0.666381149,0.8840504,0.650303033,0.535452943,0
0.66718921,0.882324646,0.638910894,0.53395213,0
0.666234123,0.880093875,0.627112069,0.530734689,0
0.664600524,0.876810815,0.615546495,0.530382332,0
0.663485771,0.875104451,0.60380733,0.529132001,0
0.662016176,0.874089815,0.591600131,0.527816436,0
0.662707761,0.87172781,0.579062913,0.527340396,0
0.661671976,0.87165509,0.56677042,0.526397737,0
0.659402939,0.871615193,0.555119901,0.526816069,0
0.656789348,0.870407346,0.543083999,0.525358154,0
0.655143421,0.869001081,0.530655219,0.52348193,0
0.652281834,0.86914637,0.518403359,0.521897643,0
0.64871853,0.867765977,0.506445261,0.521075106,0
0.645594028,0.865675085,0.494387144,0.520607511,0
0.642291563,0.865043829,0.484360202,0.518802435,0
0.639767334,0.862239056,0.473067734,0.517507737,0
0.639146964,0.861812579,0.463226574,0.51521805,0
0.63796884,0.859067531,0.452649126,0.509357892,0
0.634519568,0.858627382,0.442413945,0.506170187,0
0.630495375,0.855911049,0.431849123,0.502826426,0
0.627560052,0.853817479,0.421095964,0.497724873,0
0.626255959,0.850006433,0.409426957,0.493717962,0
0.624162656,0.847299059,0.398618058,0.487800518,0
0.621544144,0.844601819,0.388313013,0.48387702,0
0.620523431,0.84327468,0.378310851,0.478692159,0
0.617752229,0.839824867,0.368159753,0.468799484,0
0.614234876,0.83608662,0.358137287,0.459851491,0
0.611263658,0.832741351,0.347044775,0.453632613,0
0.608869649,0.829334322,0.337307155,0.444280906,0
0.605765241,0.826014613,0.327641213,0.434423474,0
0.603505576,0.823518088,0.317823779,0.428363935,0
0.602569445,0.819788884,0.308136755,0.418500302,0
0.600686225,0.816259409,0.298499482,0.409264199,0
0.597709107,0.811699355,0.288776491,0.399795074,0
0.596505067,0.809274359,0.27904937,0.393916143,0
0.594833698,0.803861767,0.269755642,0.386285891,0
0.593103633,0.799437467,0.26020683,0.378414492,0
0.591772896,0.796627471,0.250990785,0.367044087,0
0.589430085,0.792409458,0.24213096,0.358884327,0
0.588037519,0.789815703,0.233427989,0.349560028,0
0.587200567,0.786971559,0.224846229,0.33940761,0
0.585251246,0.784882628,0.216080194,0.330140135,0
0.584492293,0.780356784,0.206954845,0.320663464,0
0.584439869,0.774914297,0.198569488,0.310218639,0
0.585166521,0.773619088,0.189917494,0.300102203,0
0.585731959,0.772837637,0.181376937,0.289248216,0
0.587691018,0.770307413,0.173036904,0.278476889,0
0.589744091,0.766306942,0.165218492,0.268198447,0
0.589638164,0.763214304,0.157462984,0.256933723,0
0.590289819,0.761513183,0.149765811,0.246096179,0
0.590369286,0.76076767,0.142247893,0.233687172,0
0.59227901,0.757565882,0.134599231,0.22256144,0
0.594568678,0.75609914,0.127281544,0.212174678,0
0.595539136,0.751978262,0.120046537,0.201557235,0
0.594031051,0.748153886,0.113504319,0.190353362,0
0.593877807,0.746193762,0.106670882,0.179837493,0
0.595760287,0.742339448,0.10069498,0.169503983,0
0.598686734,0.739579676,0.094429493,0.15932972,0
0.599765532,0.737045313,0.088247521,0.14914724,0
0.600981637,0.735009047,0.082252558,0.138660294,0
0.601505624,0.733874827,0.077195787,0.13031015,0
0.602779862,0.730214548,0.072096063,0.121786435,0
0.605543759,0.728350098,0.066576412,0.112270017,0
0.605546472,0.724945194,0.06190493,0.103493345,0
0.607930757,0.722111195,0.05706182,0.096193141,0
0.610703259,0.720836858,0.052147795,0.087591809,0
0.610981631,0.719929501,0.047084148,0.08080482,0
0.611170277,0.716444477,0.042126661,0.073478775,0
0.612921923,0.714630739,0.038486083,0.066752887,0
0.611938602,0.712675052,0.0340175,0.061203149,0
0.614618422,0.709822349,0.030881903,0.054855277,0
0.616712212,0.707801737,0.027123891,0.048689051,0
0.61958823,0.706409489,0.023377342,0.043322313,0
0.620589326,0.704478368,0.020085807,0.037608907,0
0.62341354,0.702850546,0.017491311,0.032039347,0
0.62536338,0.701227634,0.014791567,0.027674665,0
0.62693404,0.699365942,0.01244752,0.023987446,0
0.627990853,0.696214012,0.01095556,0.019995079,0
0.631388164,0.69349632,0.009113384,0.015964882,0
0.633555464,0.692883564,0.007067369,0.012465815,0
0.634899567,0.691275384,0.005226823,0.009447143,0
0.634788009,0.689978435,0.003848258,0.006376384,0
0.637916847,0.689167889,0.002420307,0.004815121,0
0.640289635,0.686038454,0.001344228,0.002700545,0
0.642660261,0.683919463,0.00045637,0.001154691,0
0.645140503,0.682196927,2.60E-06,0.000652933,0
0.649063298,0.680985189,0,0,0
0.652132942,0.678332499,0.000478241,0.000316293,0
0.655204723,0.677448884,0.000277303,0.001231111,0
0.657845851,0.674251544,0.000877841,0.002698218,0
0.659872536,0.671479661,0.002705355,0.004250532,0
0.661982505,0.669778856,0.003945841,0.005080309,0
0.664395734,0.668041884,0.005285616,0.007555639,0
0.668650495,0.66731412,0.0067039,0.010408764,0
0.672149519,0.667189859,0.007733615,0.013455621,0
0.674495349,0.665542673,0.009018433,0.016197801,0
0.679457372,0.665195142,0.010723166,0.019166456,0
0.683893379,0.665637503,0.011552453,0.021896505,0
0.687496509,0.665657219,0.013141769,0.024174907,0
0.691004942,0.666032821,0.014963163,0.026995231,0
0.694949049,0.665229521,0.01641731,0.029256774,0
0.700113337,0.662927829,0.017764098,0.034035221,0
0.704648611,0.661887934,0.019250339,0.036377883,0
0.711266257,0.662380586,0.021312309,0.037545112,0
0.716349861,0.662730582,0.023401301,0.041272593,0
0.718665073,0.663759397,0.025484669,0.044268618,0
0.723002933,0.662635088,0.027704298,0.045887193,0
0.72819375,0.662319102,0.030084533,0.047897109,0
0.732642439,0.662459253,0.031881562,0.051035066,0
0.735944788,0.662658942,0.034606214,0.053792681,0
0.742458685,0.66301998,0.037380679,0.05615007,0
0.747366055,0.664138077,0.040011115,0.058583334,0
0.752999688,0.664529417,0.042171458,0.061056627,0
0.759295633,0.665070469,0.044750547,0.062744427,0
0.764825005,0.666585067,0.047289003,0.064454787,0
0.76863088,0.666154715,0.04979704,0.066004001,0
0.77309509,0.666731033,0.051182259,0.071119441,0
0.777907791,0.667034146,0.052930358,0.07300765,0
0.784954892,0.669478708,0.054237211,0.074303401,0
0.790567442,0.670711502,0.05643972,0.075488333,0
0.795125013,0.672630287,0.059005285,0.076580282,0
0.799653503,0.674375239,0.060655122,0.078068791,0
0.803976978,0.676526359,0.061811078,0.07902238,0
0.807455436,0.677234654,0.062911367,0.079935635,0
0.810304369,0.679196421,0.064943126,0.084485646,0
0.815413951,0.681270956,0.06625417,0.089452151,0
0.818560244,0.682150148,0.069058001,0.090353437,0
0.823788038,0.681947175,0.070401505,0.095758197,0
0.829338688,0.683364069,0.071561729,0.101535945,0
0.833673538,0.684099956,0.073080909,0.10485375,0
0.835801585,0.685305023,0.075104129,0.110619086,0
0.840457704,0.686091853,0.076845352,0.116277262,0
0.845054625,0.686983683,0.078514424,0.122448508,0
0.848564606,0.688062923,0.080300354,0.124340097,0
0.853244126,0.690113446,0.08208829,0.12744496,0
0.85830809,0.690855317,0.083522282,0.129860389,0
0.861340996,0.691774256,0.085793491,0.13548799,0
0.864678313,0.692416318,0.087610661,0.136949795,0
0.867112134,0.691995429,0.089753768,0.139579097,0
0.869832269,0.693131693,0.092155991,0.142147975,0
0.872864333,0.693155092,0.094643725,0.143886045,0
0.875483504,0.693597736,0.096733835,0.144887422,0
0.879054421,0.695993271,0.09866299,0.14615699,0
0.880755476,0.69564312,0.100743017,0.147494938,0
0.883247679,0.695924212,0.102896977,0.148643109,0
0.885237234,0.696111804,0.105178671,0.150166102,0
0.886541785,0.695968106,0.107483881,0.150868883,0
0.886795146,0.695338302,0.109407747,0.15182727,0
0.88897241,0.695598648,0.112350123,0.15291283,0
0.890772285,0.694017222,0.11508411,0.15472981,0
0.890605744,0.693755968,0.117654522,0.155756435,0
0.890304238,0.693664105,0.120319748,0.156616939,0
0.890506459,0.693326631,0.123665348,0.157468512,0
0.892583016,0.692125241,0.126245142,0.157558758,0
0.891663851,0.689941212,0.129395894,0.158389102,0
0.890560291,0.689995978,0.132516066,0.159252559,0
0.888945078,0.68857441,0.13558862,0.16020344,0
0.889149353,0.687044914,0.138410015,0.159616974,0
0.888493206,0.685143052,0.141617083,0.160194489,0
0.887668603,0.682989426,0.144457754,0.1593245,0
0.886528685,0.681563728,0.147739749,0.159846565,0
0.884493501,0.680593964,0.151136274,0.161073755,0
0.882948052,0.678924825,0.154657109,0.162417562,0
0.88191532,0.677718249,0.158198529,0.163447732,0
0.880770059,0.674337839,0.161751376,0.164292904,0
0.877464311,0.671339304,0.165961661,0.165138816,0
0.87561786,0.670553336,0.170458692,0.166982718,0
0.872564986,0.66801006,0.173305031,0.169274112,0
0.871860364,0.666339685,0.177868711,0.169869789,0
0.868902716,0.664948007,0.181607245,0.171176105,0
0.866353416,0.663314935,0.1862992,0.172281041,0
0.863276918,0.660356774,0.191261584,0.173100019,0
0.861695451,0.658911477,0.196165076,0.175025726,0
0.858408414,0.657856856,0.200707071,0.175815262,0
0.853939546,0.655158749,0.205543921,0.176309943,0
0.851126197,0.652515249,0.211059478,0.175802265,0
0.848002745,0.650965833,0.216145655,0.176031704,0
0.844311707,0.647623632,0.221979662,0.176544916,0
0.8407915,0.645046462,0.228293079,0.176163897,0
0.838309232,0.641614967,0.234822209,0.176862246,0
0.83577788,0.638996532,0.241101219,0.178058983,0
0.83237062,0.635851146,0.247730538,0.177278985,0
0.82826571,0.634804111,0.254314007,0.178301073,0
0.823967396,0.633311076,0.261264648,0.179514818,0
0.819489752,0.631409221,0.268659099,0.181009636,0
0.81358475,0.62819461,0.277013198,0.182492933,0
0.809916068,0.625352256,0.284287196,0.183830812,0
0.804702201,0.621960753,0.292102095,0.183830409,0
0.799982387,0.619671129,0.300276542,0.185201753,0
0.794441896,0.619657797,0.308112759,0.185231232,0
0.78908482,0.618968574,0.316052606,0.187708705,0
0.784356699,0.617298949,0.324255888,0.188235088,0
0.778150788,0.616940255,0.332927095,0.189243125,0
0.774718333,0.614180586,0.342149818,0.189553867,0
0.770535818,0.613934162,0.351508967,0.190742082,0
0.76487562,0.612731823,0.360660111,0.191669249,0
0.758322537,0.609887735,0.370587638,0.192383715,0
0.753310039,0.607413344,0.38015784,0.192582854,0
0.749519437,0.606104051,0.390880918,0.193347496,0
0.745906147,0.605023777,0.400998706,0.193586127,0
0.739747162,0.604700994,0.411567853,0.195132946,0
0.735462799,0.603487526,0.422481903,0.197728609,0
0.73076967,0.602815682,0.433041364,0.201474193,0
0.724899149,0.601821938,0.444249046,0.203728835,0
0.721028901,0.602565735,0.455526895,0.205660622,0
0.716630865,0.602856541,0.467188476,0.209023321,0
0.712498194,0.601299191,0.478364112,0.21251643,0
0.708402431,0.601044806,0.490270538,0.214912821,0
0.705370731,0.601660706,0.501899933,0.217877468,0
0.699369843,0.601241171,0.513668162,0.22116452,0
0.695577999,0.599869334,0.525496664,0.223992793,0
0.691803792,0.600457081,0.537741539,0.226447881,0
0.68680012,0.601862818,0.549630363,0.230425313,0
0.682491541,0.600986231,0.561570127,0.23485021,0
0.679092129,0.601277041,0.575305912,0.23825076,0
0.675817736,0.599778203,0.587889132,0.243333194,0
0.673735055,0.598941925,0.601805661,0.246782234,0
0.670255706,0.597579304,0.614314036,0.252134106,0
0.665716762,0.597040152,0.627322456,0.256498601,0
0.661189933,0.594909552,0.639753072,0.26038431,0
0.657799074,0.594488426,0.652134405,0.264659924,0
0.655862675,0.592365155,0.664665626,0.268618857,0
0.652753169,0.591327921,0.67694721,0.273003891,0
0.650107646,0.589744055,0.688834249,0.278317483,0
0.64758885,0.587324313,0.701250621,0.283055872,0
0.645308685,0.584353999,0.712706036,0.289062176,0
0.643113349,0.58229864,0.724821684,0.294142826,0
0.641280978,0.579282118,0.736500467,0.300294583,0
0.639116909,0.575886762,0.747753487,0.305065049,0
0.638209276,0.573742222,0.758539678,0.310273716,0
0.634962513,0.571393812,0.769055206,0.316180592,0
0.633378738,0.568978709,0.779714631,0.320392843,0
0.631286878,0.566095721,0.790139964,0.325376201,0
0.629964223,0.562198413,0.800064271,0.329020564,0
0.626977785,0.561064799,0.809651327,0.333980726,0
0.625720617,0.558621156,0.818457966,0.337895881,0
0.624582899,0.556395181,0.826561051,0.343227972,0
0.624545879,0.554310424,0.834445489,0.347617533,0
0.623866933,0.551236134,0.842152329,0.35141074,0
0.623998101,0.549960809,0.849494626,0.356448843,0
0.622926421,0.547605355,0.856668788,0.360549633,0
0.622675302,0.544570774,0.863204207,0.366063105,0
0.622831861,0.541309398,0.869029782,0.371968134,0
0.621771018,0.536443674,0.874599858,0.376556724,0
0.61954814,0.533706138,0.880463358,0.381638937,0
0.617287861,0.530693764,0.885769369,0.386518606,0
0.616351273,0.527394184,0.890845336,0.391225628,0
0.614238539,0.522348212,0.894868784,0.395735408,0
0.613077385,0.519259761,0.897841979,0.400592385,0
0.612939751,0.514445797,0.901695306,0.404951356,0
0.612013338,0.510571832,0.905191382,0.40833659,0
0.610224492,0.506588148,0.907349826,0.410878268,0
0.610787453,0.503501132,0.910023269,0.413798558,0
0.611130725,0.499637293,0.912016855,0.417351285,0
0.610280691,0.494152516,0.913717512,0.420393448,0
0.608519099,0.490884857,0.915201029,0.42314914,0
0.608144413,0.486778783,0.916510078,0.427621523,0
0.607757757,0.48386761,0.91752761,0.432356832,0
0.607458083,0.480386069,0.918134531,0.43752591,0
0.607333358,0.476037794,0.918146052,0.441885882,0
0.607052824,0.470108241,0.91772425,0.446023093,0
0.606689321,0.466142033,0.917026532,0.450299776,0
0.606166268,0.460283835,0.916282352,0.453738159,0
0.604533611,0.457102005,0.915859095,0.457564342,0
0.605136859,0.453597446,0.9146815,0.461862228,0
0.604670382,0.447994948,0.91310394,0.464754882,0
0.601849774,0.444601298,0.91199518,0.466824226,0
0.60054716,0.439925001,0.910321435,0.468598431,0
0.600537231,0.434847396,0.908813889,0.471106837,0
0.596502745,0.430472193,0.906496967,0.472569664,0
0.596324585,0.427248852,0.904772037,0.473209778,0
0.594371713,0.422036667,0.902904346,0.473842117,0
0.59352362,0.416952762,0.901307586,0.475065168,0
0.592597421,0.412507726,0.900230513,0.476205247,0
0.591709528,0.40963048,0.898621019,0.476475743,0
0.588345847,0.404001486,0.8970945,0.478197688,0
0.585212982,0.39961911,0.894970233,0.479215968,0
0.583343502,0.393573861,0.893114735,0.480260279,0
0.5826559,0.389218528,0.891152788,0.482992285,0
0.581274022,0.384189485,0.889621323,0.485383875,0
0.57871373,0.380158668,0.888375733,0.488678118,0
0.574331787,0.375903206,0.887378654,0.491153,0
0.573321554,0.37149847,0.886313439,0.492951518,0
0.570886302,0.36669719,0.885323036,0.494272559,0
0.569802468,0.363566313,0.883707031,0.496286312,0
0.567596901,0.360412324,0.88290269,0.497841583,0
0.567732335,0.356893232,0.882475367,0.499205008,0
0.567723355,0.353540936,0.881883941,0.499615858,0
0.566393317,0.348763123,0.880719395,0.500852463,0
0.566424696,0.343611354,0.880423916,0.50112941,0
0.564280945,0.339608726,0.880125728,0.502246589,0
0.56469536,0.334815012,0.879808642,0.502489589,0
0.561396682,0.332043478,0.879770865,0.504583216,0
0.560349916,0.328504099,0.879966657,0.506109182,0
0.56089054,0.32514293,0.880303774,0.507285999,0
0.561696243,0.322207461,0.880857762,0.508659711,0
0.561352421,0.31902713,0.881313003,0.511325664,0
0.561283846,0.315366665,0.880688439,0.513721646,0
0.559903254,0.312110746,0.881576468,0.517016661,0
0.561183489,0.309655351,0.882792139,0.519493373,0
0.561841083,0.307238617,0.88408293,0.520800474,0
0.561215942,0.304507658,0.885427429,0.522798947,0
0.562431803,0.302825206,0.886887465,0.523874435,0
0.56356183,0.299675492,0.888939624,0.5258114,0
0.56495269,0.296366348,0.890917225,0.529336141,0
0.565280589,0.295044359,0.89309882,0.532122218,0
0.566949875,0.292766206,0.895349705,0.535706793,0
0.568540118,0.290491678,0.897580417,0.539094536,0
0.571982256,0.288700597,0.899896901,0.542349932,0
0.573366833,0.287232036,0.902781128,0.546752995,0
0.576206665,0.285288753,0.905459048,0.551135338,0
0.580333009,0.282843616,0.908311802,0.55488359,0
0.583994971,0.280687713,0.910962571,0.557805194,0
0.587649702,0.277583171,0.911811057,0.562119284,0
0.591689464,0.276657984,0.91424469,0.565480009,0
0.593081902,0.275159764,0.915371637,0.56980277,0
0.595865012,0.273707336,0.91797866,0.572419127,0
0.601398599,0.271295655,0.919592057,0.57628799,0
0.606229934,0.270588906,0.922181509,0.581881601,0
0.611071724,0.268722839,0.924650066,0.586652941,0
0.616298316,0.267162372,0.927963399,0.591801763,0
0.62140592,0.266592086,0.930506216,0.596703972,0
0.626568008,0.264730681,0.932764526,0.600967556,0
0.632068716,0.263357146,0.935026787,0.606357352,0
0.637388425,0.262580045,0.937617901,0.611155797,0
0.643129261,0.261684978,0.940433904,0.616008434,0
0.647693961,0.261771382,0.943613866,0.620979248,0
0.653977764,0.261617562,0.9457272,0.626027319,0
0.660295854,0.261156244,0.947912426,0.631622954,0
0.666519947,0.262019149,0.950512488,0.63624495,0
0.671777126,0.262755839,0.952753156,0.641437099,0
0.67756724,0.264098138,0.95490729,0.646318818,0
0.683837874,0.265147714,0.957746278,0.650574606,0
0.690601468,0.26517616,0.960158085,0.654708234,0
0.697078617,0.266792114,0.962581666,0.659720946,0
0.704610705,0.266988099,0.965652245,0.664032398,0
0.711151858,0.267223085,0.96835601,0.668041405,0
0.717638512,0.268469282,0.970372632,0.672755018,0
0.724191569,0.268503239,0.972264004,0.678491896,0
0.731230721,0.269688948,0.974378242,0.683577521,0
0.736409294,0.269820103,0.976213912,0.686766181,0
0.742612941,0.271385613,0.978717058,0.689202177,0
0.74914595,0.273992766,0.981049254,0.693129915,0
0.754411779,0.275104701,0.982613314,0.695781718,0
0.759567526,0.275892309,0.984223462,0.699211645,0
0.765422535,0.27744045,0.98554232,0.703268609,0
0.770779034,0.280013684,0.987039999,0.706104992,0
0.778505819,0.282526196,0.989471439,0.710795425,0
0.784113567,0.284885649,0.991265405,0.71337107,0
0.790317607,0.286079793,0.992446969,0.717376252,0
0.798844027,0.288856579,0.993901685,0.721255117,0
0.802994402,0.290960174,0.994582011,0.724689837,0
0.809039972,0.29432317,0.99550857,0.728656216,0
0.816632894,0.298259458,0.996094828,0.732331398,0
0.825330114,0.300414106,0.996960099,0.734933502,0
0.830553535,0.304315252,0.997171628,0.737203195,0
0.83536874,0.30655484,0.997547777,0.738743448,0
0.842160179,0.309551509,0.997665436,0.740219861,0
0.847773815,0.313507478,0.998150826,0.741431271,0
0.85329315,0.317907774,0.999077105,0.742546163,0
0.861231529,0.322094154,0.999580559,0.743469964,0
0.865754097,0.326729376,0.999747903,0.744712694,0
0.870810164,0.330315044,0.99956629,0.745645877,0
0.87612085,0.334338531,0.999766305,0.744053089,0
0.881205827,0.338709073,0.999887674,0.743286828,0
0.890209536,0.342841951,1,0.742435918,0
0.895917446,0.347656685,0.999927938,0.743317449,0
0.900241614,0.35224405,0.999180831,0.742176726,0
0.908318454,0.355979168,0.999378913,0.741093289,0
0.911804403,0.35899994,0.998007902,0.74031604,0
0.915606912,0.363744978,0.997458102,0.739263415,0
0.9188964,0.368526396,0.996491995,0.738315876,0
0.923697279,0.372882564,0.995429431,0.738253971,0
0.926819528,0.376714867,0.994273378,0.739124558,0
0.932646433,0.381901592,0.992853912,0.737178715,0
0.939095132,0.387376793,0.99172103,0.736163524,0
0.944235672,0.392439121,0.989891277,0.73730383,0
0.947767018,0.397997314,0.988027089,0.735917667,0
0.951700287,0.40326011,0.985971094,0.733595507,0
0.955455145,0.408759341,0.983597029,0.731523661,0
0.962055263,0.414539672,0.981009188,0.728977261,0
0.965191732,0.419205021,0.978501966,0.726357435,0
0.969675037,0.426640573,0.975384545,0.723610648,0
0.975264496,0.43213412,0.972024328,0.720597135,0
0.978285488,0.437875657,0.96855438,0.716050563,0
0.97973034,0.444468896,0.964823618,0.712926278,0
0.980920096,0.451591763,0.961175629,0.709700809,0
0.984389659,0.458404353,0.956998473,0.705337597,0
0.985912056,0.46613662,0.952760003,0.700661543,0
0.989127742,0.473953077,0.94739343,0.695918217,0
0.990996588,0.481236289,0.942595986,0.691935525,0
0.994424479,0.488373719,0.937680025,0.68608769,0
0.995237468,0.495404145,0.932705796,0.680798772,0
0.994803932,0.501745567,0.92759358,0.674910512,0
0.995634568,0.509498665,0.922142744,0.669965725,0
0.9962585,0.516463889,0.916879143,0.663622506,0
0.997220759,0.523385104,0.911745148,0.656907923,0
0.998078569,0.531305953,0.906165723,0.650380578,0
0.998863097,0.538083468,0.89946795,0.644384275,0
0.999579181,0.546014377,0.893005119,0.638004841,0
0.999608142,0.554478065,0.886739578,0.632444561,0
1,0.562064275,0.880298372,0.627686241,0
0.998541471,0.569915413,0.873633859,0.622461369,0
0.998227604,0.577743823,0.866852888,0.6144239,0
0.999416903,0.584432403,0.860011247,0.606481599,0
0.998739351,0.592754643,0.853137525,0.599397347,0
0.998574774,0.59979386,0.84630461,0.592499189,0
0.997657355,0.60697392,0.83951889,0.585276839,0
0.997817896,0.614607254,0.832477833,0.577499058,0
0.996954669,0.621648974,0.825652189,0.570758363,0
0.995709656,0.627979317,0.818830618,0.563738027,0
0.994159573,0.634942437,0.812292057,0.557199831,0
0.991922727,0.642676041,0.805863433,0.551105251,0
0.98989247,0.649136932,0.799408039,0.543801479,0
0.989064486,0.656210126,0.793173668,0.536740913,0
0.986714101,0.662723322,0.786921256,0.531031744,0
0.984092682,0.669225018,0.780662004,0.524569621,0
0.981043458,0.674699353,0.774487296,0.517633494,0
0.977826735,0.68011597,0.768493428,0.510905832,0
0.973527287,0.686162645,0.761609089,0.503644452,0
0.970976528,0.69187567,0.755709197,0.497770935,0
0.967461543,0.697786336,0.749946393,0.492286829,0
9.62E-01,0.704465607,0.744258986,0.485435182,0
9.61E-01,0.710649738,0.738684877,0.479721107,0
0.957614063,0.717535843,0.732811555,0.474228537,0
0.954813798,0.723816038,0.726611875,0.467334974,0
0.950910259,0.730823726,0.721051084,0.457960635,0
0.947406566,0.737663769,0.715690822,0.450663516,0
0.942908879,0.743729803,0.710554595,0.442655618,0
0.939120302,0.749262393,0.705399254,0.4352741,0
0.934358315,0.75488839,0.69982308,0.427862266,0
0.931012056,0.761537616,0.694289857,0.421491207,0
0.926386588,0.766911205,0.688888703,0.415061347,0
0.92156301,0.771884313,0.683819921,0.407294608,0
0.914751809,0.777993891,0.678771797,0.399718997,0
0.909708642,0.783560517,0.673805662,0.388889739,0
0.905356717,0.789306292,0.669068845,0.378224724,0
0.900331761,0.794906038,0.664462805,0.370538834,0
0.895657608,0.799466963,0.659546137,0.358927441,0
0.889908907,0.804930644,0.654972163,0.354072954,0
0.883017108,0.810227796,0.650492258,0.348128125,0
0.875961525,0.814318918,0.646023529,0.342788265,0
0.871221849,0.819360757,0.641847778,0.337329235,0
0.865542234,0.824253183,0.637864853,0.332103681,0
0.859933253,0.829815016,0.634044112,0.325307217,0
0.854648572,0.833776576,0.630297159,0.320111332,0
0.848474591,0.837936014,0.626245584,0.311581649,0
0.843088344,0.842250362,0.622018485,0.304133584,0
0.837800101,0.847264376,0.618654295,0.296533175,0
0.830684105,0.851240107,0.615531289,0.288170364,0
0.824667029,0.855638458,0.612341644,0.279830147,0
0.818961735,0.859016701,0.609213569,0.270879897,0
0.812703683,0.862803982,0.606389931,0.261673042,0
0.805824596,0.866675049,0.603626774,0.246174087,0
0.799743246,0.869647723,0.601146373,0.239539029,0
0.794639756,0.873356527,0.598610619,0.224602772,0
0.787252456,0.876564454,0.596440966,0.218610609,0
0.780616759,0.879919651,0.594150415,0.205558241,0
0.77394253,0.882706272,0.592084104,0.201547081,0
0.765872492,0.885082396,0.590162308,0.196401894,0
0.760408423,0.887654259,0.589002225,0.190375662,0
0.753728047,0.890399997,0.587393094,0.176063811,0
0.746487598,0.893383023,0.585819793,0.171909271,0
0.738369607,0.896752181,0.584220037,0.167833027,0
0.729638439,0.899416615,0.58259823,0.162835808,0
0.721529157,0.901049331,0.581025054,0.156745558,0
0.713384902,0.903278205,0.580571742,0.150730292,0
0.704920263,0.905926699,0.579629275,0.145925805,0
0.697975262,0.90916712,0.579316131,0.141945,0
0.690395692,0.911348033,0.578824189,0.137360547,0
0.683099398,0.9130516,0.578090295,0.132445884,0
0.674119769,0.915358089,0.577377331,0.125545308,0
0.666024145,0.917573183,0.577030517,0.119339117,0
0.657722378,0.919114667,0.577132657,0.114186461,0
0.648642018,0.921286905,0.576630886,0.10923191,0
0.640013996,0.92374205,0.576430657,0.103108887,0
0.629870831,0.926340908,0.576773297,0.09790328,0
0.621030792,0.928423585,0.577059279,0.085422854,0
0.612770533,0.930945021,0.577287365,0.081182951,0
0.604686398,0.933725236,0.577131741,0.077320842,0
0.595402041,0.936193052,0.576991688,0.074054474,0
0.587418268,0.937069311,0.577592008,0.070317365,0
0.578295954,0.939483075,0.577929819,0.065378439,0
0.570389254,0.941641577,0.578450152,0.061136258,0
0.562019877,0.943221896,0.578871137,0.052332163,0
0.552647941,0.944211691,0.579334797,0.04849739,0
0.543491,0.945777356,0.579989407,0.045546276,0
0.535469345,0.947304047,0.580618991,0.043017064,0
0.528462987,0.948179329,0.582361623,0.040838635,0
0.520034568,0.948706717,0.583273507,0.039299987,0
0.513082021,0.94989327,0.584196994,0.039793148,0
0.507534466,0.950481704,0.585400335,0.039144099,0
0.499774394,0.951815971,0.586358156,0.040162125,0
0.493133358,0.95270056,0.587501886,0.041325417,0
0.486687055,0.954552707,0.588336845,0.044247386,0
0.480294227,0.957442588,0.58915733,0.047094292,0
0.47440777,0.959500771,0.590170919,0.051581796,0
0.468066436,0.96201619,0.591739186,0.056279539,0
0.460514633,0.963459052,0.593101007,0.062198668,0
0.454590605,0.964145467,0.594500949,0.068694145,0
0.450568182,0.965150206,0.596074529,0.073721368,0
0.445469249,0.965326211,0.59767593,0.081248273,0
0.440663769,0.966629539,0.599700907,0.091091551,0
0.435542673,0.967767038,0.601424567,0.100869485,0
0.431604038,0.968107573,0.602756145,0.111029533,0
0.428198989,0.969361999,0.60457177,0.122108114,0
0.423943025,0.969995567,0.606650478,0.134424056,0
0.420064427,0.970303965,0.60792873,0.148529743,0
0.416090866,0.970735662,0.609980358,0.161070885,0
0.412365467,0.97168229,0.611545093,0.179230643,0
0.408959948,0.972196598,0.612906365,0.19379365,0
0.406174631,0.972142432,0.614427466,0.208666855,0
0.403836298,0.973681731,0.61672322,0.224423695,0
0.400482022,0.974035459,0.617958718,0.240813835,0
0.397484817,0.974551161,0.619205383,0.257288133,0
0.393295208,0.975196319,0.620550012,0.274299443,0
0.389506545,0.976207499,0.621910503,0.29233449,0
0.38721288,0.977263577,0.623378943,0.310964051,0
0.385819084,0.978542062,0.624912337,0.336695063,0
0.382713965,0.97920244,0.6272222,0.354790886,0
0.380458002,0.980484682,0.629329538,0.372688529,0
0.380085335,0.980814384,0.630751462,0.391953596,0
0.377727013,0.982172465,0.63173345,0.409763386,0
0.375301301,0.983487516,0.632504411,0.428798886,0
0.373231389,0.985132434,0.633706845,0.447754929,0
0.371103757,0.985843703,0.634806321,0.476663473,0
0.367158618,0.987187901,0.635834888,0.494930731,0
0.365654453,0.988362578,0.636631826,0.514665551,0
0.364372556,0.98943149,0.637481132,0.533546646,0
0.365033889,0.990363601,0.639274782,0.551623471,0
0.363653176,0.990566739,0.640242815,0.569557147,0
0.362010775,0.991799017,0.641420017,0.588583978,0
0.360731698,0.993295381,0.642375189,0.607695495,0
0.359824344,0.994385325,0.644173413,0.634559712,0
0.357480453,0.995584179,0.645825728,0.665249404,0
0.3544841,0.996270368,0.647412954,0.695421519,0
0.352129067,0.997176356,0.64882391,0.71946108,0
0.349360487,0.998367232,0.650466124,0.748163281,0
0.347520767,0.998893033,0.651759594,0.769695693,0
0.347179229,0.999307327,0.65300313,0.791277711,0
0.34691453,0.999960795,0.654332268,0.810678304,0
0.345856526,0.999756254,0.655399909,0.828865341,0
0.346325636,1,0.65633211,0.845450335,0
0.347120313,0.999447134,0.657254487,0.861111809,0
0.348085946,0.999709508,0.658043383,0.874742732,0
0.347704617,0.999114419,0.659139607,0.888339907,0
0.348794036,0.998792684,0.660064647,0.900901445,0
0.349298979,0.998028362,0.660651339,0.911576974,0
0.350062512,0.997466592,0.661116206,0.92230353,0
0.352111102,0.996206547,0.661756774,0.932285569,0
0.353343885,0.995579778,0.662416009,0.940520756,0
0.353914501,0.99420226,0.662775225,0.947610379,0
0.354499562,0.992854352,0.663038069,0.961866628,0
0.356415346,0.991859448,0.663493855,0.966875238,0
0.35789839,0.990504204,0.663866533,0.979432637,0
0.35952559,0.988879382,0.664343491,0.982777431,0
0.361227609,0.986778337,0.664646773,0.992867506,0
0.362891772,0.985037562,0.664872578,0.993194131,0
0.364479623,0.983605616,0.664934528,0.993159608,0
0.365403598,0.981852493,0.664260653,0.992862293,0
0.366673644,0.979966059,0.664363802,1,0
0.367917526,0.977786665,0.664134284,0.998093244,0
0.369837312,0.975032627,0.66401317,0.994704638,0
0.371864224,0.972032385,0.663866077,0.991192313,0
0.374004433,0.969739391,0.663803575,0.9864315,0
0.376240501,0.967459454,0.663366305,0.981506018,0
0.378762331,0.964670113,0.662862235,0.975380748,0
0.380626263,0.961494415,0.662455379,0.967479184,0
0.382733184,0.958264812,0.661865985,0.959410091,0
0.384892267,0.955347245,0.661628127,0.950772981,0
0.388520401,0.952350468,0.66130564,0.942178717,0
0.391778252,0.949008274,0.660676732,0.932983383,0
0.395197814,0.946446216,0.659587002,0.922870911,0
0.39878997,0.942965211,0.659135025,0.911337409,0
0.402051267,0.939830741,0.658666971,0.899865722,0
0.407338686,0.936302216,0.657693569,0.887180911,0
0.411577852,0.933284761,0.656713616,0.882002049,0
0.415427406,0.929784196,0.655767176,0.868626424,0
0.419202648,0.925941882,0.655210238,0.854847762,0
0.424488544,0.923153066,0.6545973,0.840255814,0
0.428685975,0.919763899,0.653570508,0.825205771,0
0.432861094,0.916237756,0.652835032,0.810907901,0
0.436958838,0.912689492,0.651989815,0.79730938,0
0.441885505,0.909395794,0.651219303,0.788437249,0
0.448178124,0.906243425,0.650364479,0.77461583,0
0.453342251,0.903072524,0.649544792,0.760969712,0
0.459412364,0.89931505,0.648629957,0.74808298,0
0.464266871,0.896283668,0.647712074,0.735459114,0
0.469131915,0.893791501,0.647013398,0.722302591,0
0.473253141,0.891146104,0.646297371,0.708486327,0
0.477225879,0.888921601,0.645189631,0.695637071,0
0.483438123,0.886428621,0.644318529,0.682726296,0
0.488830353,0.883640697,0.643431415,0.669863137,0
0.494295003,0.88089211,0.642815274,0.657254193,0
0.499368508,0.877198954,0.642018513,0.645721825,0
0.504037018,0.873710202,0.641234986,0.632886646,0
0.508981982,0.870027826,0.640790436,0.620872546,0
0.515253073,0.86690621,0.640208343,0.609650857,0
0.52043691,0.863982919,0.639521963,0.597982787,0
0.524268352,0.860955327,0.638813718,0.588110238,0
0.530246768,0.858330918,0.638034259,0.577391948,0
0.534861827,0.855131634,0.636917438,0.56781039,0
0.539428532,0.852422914,0.636002835,0.559175823,0
0.543344584,0.849373517,0.635563625,0.550322256,0
0.546586954,0.846502132,0.634828325,0.541897473,0
0.550627438,0.844382415,0.633672227,0.534157339,0
0.554305572,0.842147735,0.63315416,0.52603084,0
0.557905704,0.839615561,0.631951756,0.519830043,0
0.561297937,0.83713989,0.631251745,0.508997288,0
0.564480817,0.834691184,0.630817174,0.502424966,0
0.56735387,0.832869718,0.630157709,0.496156171,0
0.569012546,0.829736934,0.628860542,0.490984575,0
0.571613137,0.82761578,0.628465727,0.48635275,0
0.574010741,0.825614756,0.628100901,0.482344002,0
0.57772109,0.823456349,0.62774995,0.47954074,0
0.581498358,0.821776772,0.627462637,0.476558158,0
0.583879094,0.820232968,0.627233329,0.474169346,0
0.586131428,0.818747836,0.626909872,0.465755735,0
0.588291218,0.817582253,0.625761556,0.464083516,0
0.590312826,0.816239705,0.624754823,0.463373669,0
0.59189194,0.815309179,0.624451537,0.463120687,0
0.592839126,0.81437159,0.624594455,0.464170625,0
0.594511423,0.813062478,0.624849464,0.464880479,0
0.596095876,0.811398594,0.624834766,0.466423935,0
0.597643194,0.810260479,0.625145478,0.461080523,0
0.600345321,0.808853373,0.625482839,0.464051593,0
0.601436706,0.807801609,0.6260509,0.467270815,0
0.602557708,0.806876414,0.626669157,0.471524744,0
0.603054031,0.805964654,0.626934727,0.477662297,0
0.602976266,0.805369209,0.627628427,0.484684308,0
0.603562175,0.804629723,0.628376843,0.49127615,0
0.60395584,0.803662111,0.629144996,0.499074146,0
0.605933798,0.802139677,0.629122596,0.498568978,0
0.607911756,0.800617244,0.629100197,0.49806381,0
0.609889714,0.79909481,0.629077798,0.497558642,0
0.611867672,0.797572377,0.629055398,0.497053474,0
0.61384563,0.796049944,0.629032999,0.496548306,0
0.615823588,0.79452751,0.6290106,0.496043138,0
0.617801546,0.793005077,0.6289882,0.49553797,0
0.619779504,0.791482643,0.628965801,0.495032802,0
0.621757462,0.78996021,0.628943402,0.494527634,0
0.62373542,0.788437776,0.628921003,0.494022466,0
0.625713378,0.786915343,0.628898603,0.493517298,0
0.627691336,0.78539291,0.628876204,0.493012129,0
0.629669294,0.783870476,0.628853805,0.492506961,0
0.631647252,0.782348043,0.628831405,0.492001793,0
0.63362521,0.780825609,0.628809006,0.491496625,0
0.635603168,0.779303176,0.628786607,0.490991457,0
0.637581126,0.777780743,0.628764208,0.490486289,0
0.639559084,0.776258309,0.628741808,0.489981121,0
0.641537042,0.774735876,0.628719409,0.489475953,0
0.643515,0.773213442,0.62869701,0.488970785,0
0.645492958,0.771691009,0.62867461,0.488465617,0
0.647470916,0.770168575,0.628652211,0.487960449,0
0.649448874,0.768646142,0.628629812,0.487455281,0
0.651426832,0.767123709,0.628607413,0.486950113,0
0.65340479,0.765601275,0.628585013,0.486444945,0
0.655382748,0.764078842,0.628562614,0.485939776,0
0.657360706,0.762556408,0.628540215,0.485434608,0
0.659338664,0.761033975,0.628517815,0.48492944,0
0.661316622,0.759511542,0.628495416,0.484424272,0
0.66329458,0.757989108,0.628473017,0.483919104,0
0.665272538,0.756466675,0.628450618,0.483413936,0
0.667250496,0.754944241,0.628428218,0.482908768,0
0.669228454,0.753421808,0.628405819,0.4824036,0
0.671206412,0.751899374,0.62838342,0.481898432,0
0.67318437,0.750376941,0.62836102,0.481393264,0
0.675162328,0.748854508,0.628338621,0.480888096,0
0.677140286,0.747332074,0.628316222,0.480382928,0
0.679118244,0.745809641,0.628293823,0.47987776,0
0.681096202,0.744287207,0.628271423,0.479372592,0
0.68307416,0.742764774,0.628249024,0.478867424,0
0.685052118,0.74124234,0.628226625,0.478362255,0
0.687030076,0.739719907,0.628204225,0.477857087,0
0.689008034,0.738197474,0.628181826,0.477351919,0
0.690985992,0.73667504,0.628159427,0.476846751,0
0.69296395,0.735152607,0.628137027,0.476341583,0
0.694941908,0.733630173,0.628114628,0.475836415,0
0.696919866,0.73210774,0.628092229,0.475331247,0
0.698897824,0.730585307,0.62806983,0.474826079,0
0.700875782,0.729062873,0.62804743,0.474320911,0
0.70285374,0.72754044,0.628025031,0.473815743,0
0.706642393,0.721761799,0.62768993,0.473503821,0
0.708540378,0.720427348,0.627681342,0.472990118,0
0.710430819,0.719110631,0.627674057,0.47247561,0
0.712313716,0.717811649,0.627668074,0.471960296,0
0.714189068,0.7165304,0.627663395,0.471444177,0
0.716056875,0.715266886,0.627660018,0.470927254,0
0.717917138,0.714021106,0.627657944,0.470409525,0
0.719769857,0.712793061,0.627657174,0.46989099,0
0.72161503,0.711582749,0.627657706,0.469371651,0
0.72345266,0.710390172,0.627659541,0.468851506,0
0.725282744,0.709215329,0.627662679,0.468330556,0
0.727105284,0.70805822,0.62766712,0.467808801,0
0.72892028,0.706918845,0.627672864,0.467286241,0
0.730727731,0.705797204,0.62767991,0.466762876,0
0.732527637,0.704693298,0.62768826,0.466238705,0
0.734319999,0.703607126,0.627697913,0.465713729,0
0.736104816,0.702538688,0.627708868,0.465187948,0
0.737882089,0.701487984,0.627721126,0.464661362,0
0.739651817,0.700455014,0.627734688,0.46413397,0
0.741414001,0.699439779,0.627749552,0.463605774,0
0.74316864,0.698442278,0.627765719,0.463076772,0
0.744915735,0.697462511,0.627783189,0.462546965,0
0.746655284,0.696500478,0.627801962,0.462016353,0
0.74838729,0.695556179,0.627822038,0.461484936,0
0.750111751,0.694629615,0.627843417,0.460952713,0
0.751828667,0.693720785,0.627866099,0.460419685,0
0.753538039,0.692829689,0.627890084,0.459885852,0
0.755239866,0.691956327,0.627915371,0.459351214,0
0.756934148,0.691100699,0.627941962,0.458815771,0
0.758620886,0.690262806,0.627969856,0.458279522,0
0.76030008,0.689442647,0.627999052,0.457742469,0
0.761971729,0.688640222,0.628029551,0.45720461,0
0.763635833,0.687855531,0.628061354,0.456665946,0
0.765292393,0.687088574,0.628094459,0.456126476,0
0.766941408,0.686339352,0.628128867,0.455586202,0
0.768582879,0.685607864,0.628164578,0.455045122,0
0.770216805,0.68489411,0.628201592,0.454503237,0
0.771843187,0.68419809,0.628239909,0.453960547,0
0.773462024,0.683519804,0.628279528,0.453417052,0
0.775073316,0.682859253,0.628320451,0.452872751,0
0.776677064,0.682216436,0.628362677,0.452327646,0
0.778273267,0.681591353,0.628406205,0.451781735,0
0.779861926,0.680984004,0.628451037,0.451235019,0
0.78144304,0.680394389,0.628497171,0.450687498,0
0.78301661,0.679822509,0.628544609,0.450139171,0
0.784582635,0.679268362,0.628593349,0.44959004,0
0.786141115,0.67873195,0.628643392,0.449040103,0
0.787692051,0.678213272,0.628694738,0.448489361,0
0.789235443,0.677712329,0.628747387,0.447937814,0
0.79077129,0.677229119,0.628801339,0.447385461,0
